X =

 Columns 1 through 6:

   1.0000e+00   5.1267e-02   6.9956e-01   2.6283e-03   3.5864e-02   4.8938e-01
   1.0000e+00  -9.2742e-02   6.8494e-01   8.6011e-03  -6.3523e-02   4.6914e-01
   1.0000e+00  -2.1371e-01   6.9225e-01   4.5672e-02  -1.4794e-01   4.7921e-01
   1.0000e+00  -3.7500e-01   5.0219e-01   1.4062e-01  -1.8832e-01   2.5219e-01
   1.0000e+00  -5.1325e-01   4.6564e-01   2.6343e-01  -2.3899e-01   2.1682e-01
   1.0000e+00  -5.2477e-01   2.0980e-01   2.7538e-01  -1.1010e-01   4.4016e-02
   1.0000e+00  -3.9804e-01   3.4357e-02   1.5844e-01  -1.3675e-02   1.1804e-03
   1.0000e+00  -3.0588e-01  -1.9225e-01   9.3563e-02   5.8805e-02   3.6960e-02
   1.0000e+00   1.6705e-02  -4.0424e-01   2.7906e-04  -6.7528e-03   1.6341e-01
   1.0000e+00   1.3191e-01  -5.1389e-01   1.7400e-02  -6.7787e-02   2.6408e-01
   1.0000e+00   3.8537e-01  -5.6506e-01   1.4851e-01  -2.1776e-01   3.1929e-01
   1.0000e+00   5.2938e-01  -5.2120e-01   2.8024e-01  -2.7591e-01   2.7165e-01
   1.0000e+00   6.3882e-01  -2.4342e-01   4.0809e-01  -1.5550e-01   5.9253e-02
   1.0000e+00   7.3675e-01  -1.8494e-01   5.4280e-01  -1.3625e-01   3.4203e-02
   1.0000e+00   5.4666e-01   4.8757e-01   2.9884e-01   2.6654e-01   2.3772e-01
   1.0000e+00   3.2200e-01   5.8260e-01   1.0368e-01   1.8760e-01   3.3942e-01
   1.0000e+00   1.6647e-01   5.3874e-01   2.7712e-02   8.9684e-02   2.9024e-01
   1.0000e+00  -4.6659e-02   8.1652e-01   2.1771e-03  -3.8098e-02   6.6670e-01
   1.0000e+00  -1.7339e-01   6.9956e-01   3.0064e-02  -1.2130e-01   4.8938e-01
   1.0000e+00  -4.7869e-01   6.3377e-01   2.2914e-01  -3.0338e-01   4.0166e-01
   1.0000e+00  -6.0541e-01   5.9722e-01   3.6652e-01  -3.6156e-01   3.5667e-01
   1.0000e+00  -6.2846e-01   3.3406e-01   3.9496e-01  -2.0994e-01   1.1160e-01
   1.0000e+00  -5.9389e-01   5.1170e-03   3.5271e-01  -3.0389e-03   2.6184e-05
   1.0000e+00  -4.2108e-01  -2.7266e-01   1.7731e-01   1.1481e-01   7.4343e-02
   1.0000e+00  -1.1578e-01  -3.9693e-01   1.3405e-02   4.5957e-02   1.5755e-01
   1.0000e+00   2.0104e-01  -6.0161e-01   4.0417e-02  -1.2095e-01   3.6193e-01
   1.0000e+00   4.6601e-01  -5.3582e-01   2.1717e-01  -2.4970e-01   2.8710e-01
   1.0000e+00   6.7339e-01  -5.3582e-01   4.5345e-01  -3.6082e-01   2.8710e-01
   1.0000e+00  -1.3882e-01   5.4605e-01   1.9271e-02  -7.5803e-02   2.9817e-01
   1.0000e+00  -2.9435e-01   7.7997e-01   8.6642e-02  -2.2958e-01   6.0835e-01
   1.0000e+00  -2.6555e-01   9.6272e-01   7.0517e-02  -2.5565e-01   9.2683e-01
   1.0000e+00  -1.6187e-01   8.0190e-01   2.6202e-02  -1.2980e-01   6.4304e-01
   1.0000e+00  -1.7339e-01   6.4839e-01   3.0064e-02  -1.1242e-01   4.2041e-01
   1.0000e+00  -2.8283e-01   4.7295e-01   7.9993e-02  -1.3376e-01   2.2368e-01
   1.0000e+00  -3.6348e-01   3.1213e-01   1.3212e-01  -1.1345e-01   9.7425e-02
   1.0000e+00  -3.0012e-01   2.7047e-02   9.0072e-02  -8.1173e-03   7.3154e-04
   1.0000e+00  -2.3675e-01  -2.1418e-01   5.6051e-02   5.0707e-02   4.5873e-02
   1.0000e+00  -6.3940e-02  -1.8494e-01   4.0883e-03   1.1825e-02   3.4203e-02
   1.0000e+00   6.2788e-02  -1.6301e-01   3.9423e-03  -1.0235e-02   2.6572e-02
   1.0000e+00   2.2984e-01  -4.1155e-01   5.2826e-02  -9.4591e-02   1.6937e-01
   1.0000e+00   2.9320e-01  -2.2880e-01   8.5966e-02  -6.7084e-02   5.2349e-02
   1.0000e+00   4.8329e-01  -1.8494e-01   2.3357e-01  -8.9380e-02   3.4203e-02
   1.0000e+00   6.4459e-01  -1.4108e-01   4.1550e-01  -9.0939e-02   1.9904e-02
   1.0000e+00   4.6025e-01   1.2427e-02   2.1183e-01   5.7195e-03   1.5443e-04
   1.0000e+00   6.2730e-01   1.5863e-01   3.9351e-01   9.9509e-02   2.5163e-02
   1.0000e+00   5.7546e-01   2.6827e-01   3.3115e-01   1.5438e-01   7.1969e-02
   1.0000e+00   7.2523e-01   4.4371e-01   5.2596e-01   3.2179e-01   1.9688e-01
   1.0000e+00   2.2408e-01   5.2412e-01   5.0212e-02   1.1744e-01   2.7470e-01
   1.0000e+00   4.4297e-01   6.7032e-01   1.9622e-01   2.9693e-01   4.4933e-01
   1.0000e+00   3.2200e-01   6.9225e-01   1.0368e-01   2.2290e-01   4.7921e-01
   1.0000e+00   1.3767e-01   5.7529e-01   1.8953e-02   7.9200e-02   3.3096e-01
   1.0000e+00  -6.3364e-03   3.9985e-01   4.0150e-05  -2.5336e-03   1.5988e-01
   1.0000e+00  -9.2742e-02   5.5336e-01   8.6011e-03  -5.1320e-02   3.0621e-01
   1.0000e+00  -2.0795e-01   3.5599e-01   4.3243e-02  -7.4028e-02   1.2673e-01
   1.0000e+00  -2.0795e-01   1.7325e-01   4.3243e-02  -3.6027e-02   3.0016e-02
   1.0000e+00  -4.3836e-01   2.1711e-01   1.9216e-01  -9.5172e-02   4.7137e-02
   1.0000e+00  -2.1947e-01  -1.6813e-02   4.8167e-02   3.6899e-03   2.8268e-04
   1.0000e+00  -1.3882e-01  -2.7266e-01   1.9271e-02   3.7851e-02   7.4343e-02
   1.0000e+00   1.8376e-01   9.3348e-01   3.3768e-02   1.7154e-01   8.7138e-01
   1.0000e+00   2.2408e-01   7.7997e-01   5.0212e-02   1.7478e-01   6.0835e-01
   1.0000e+00   2.9896e-01   6.1915e-01   8.9377e-02   1.8510e-01   3.8335e-01
   1.0000e+00   5.0634e-01   7.5804e-01   2.5638e-01   3.8383e-01   5.7462e-01
   1.0000e+00   6.1578e-01   7.2880e-01   3.7919e-01   4.4878e-01   5.3115e-01
   1.0000e+00   6.0426e-01   5.9722e-01   3.6513e-01   3.6088e-01   3.5667e-01
   1.0000e+00   7.6555e-01   5.0219e-01   5.8607e-01   3.8445e-01   2.5219e-01
   1.0000e+00   9.2684e-01   3.6330e-01   8.5903e-01   3.3672e-01   1.3199e-01
   1.0000e+00   8.2316e-01   2.7558e-01   6.7759e-01   2.2685e-01   7.5944e-02
   1.0000e+00   9.6141e-01   8.5526e-02   9.2431e-01   8.2226e-02   7.3147e-03
   1.0000e+00   9.3836e-01   1.2427e-02   8.8052e-01   1.1661e-02   1.5443e-04
   1.0000e+00   8.6348e-01  -8.2602e-02   7.4560e-01  -7.1325e-02   6.8231e-03
   1.0000e+00   8.9804e-01  -2.0687e-01   8.0648e-01  -1.8578e-01   4.2795e-02
   1.0000e+00   8.5196e-01  -3.6769e-01   7.2584e-01  -3.1326e-01   1.3520e-01
   1.0000e+00   8.2892e-01  -5.2120e-01   6.8711e-01  -4.3203e-01   2.7165e-01
   1.0000e+00   7.9435e-01  -5.5775e-01   6.3099e-01  -4.4305e-01   3.1109e-01
   1.0000e+00   5.9274e-01  -7.4050e-01   3.5134e-01  -4.3892e-01   5.4834e-01
   1.0000e+00   5.1786e-01  -5.9430e-01   2.6818e-01  -3.0776e-01   3.5319e-01
   1.0000e+00   4.6601e-01  -4.1886e-01   2.1717e-01  -1.9519e-01   1.7544e-01
   1.0000e+00   3.5081e-01  -5.7968e-01   1.2307e-01  -2.0336e-01   3.3603e-01
   1.0000e+00   2.8744e-01  -7.6974e-01   8.2622e-02  -2.2125e-01   5.9250e-01
   1.0000e+00   8.5829e-02  -7.5512e-01   7.3666e-03  -6.4811e-02   5.7021e-01
   1.0000e+00   1.4919e-01  -5.7968e-01   2.2258e-02  -8.6482e-02   3.3603e-01
   1.0000e+00  -1.3306e-01  -4.4810e-01   1.7705e-02   5.9624e-02   2.0079e-01
   1.0000e+00  -4.0956e-01  -4.1155e-01   1.6774e-01   1.6855e-01   1.6937e-01
   1.0000e+00  -3.9228e-01  -2.5804e-01   1.5388e-01   1.0122e-01   6.6585e-02
   1.0000e+00  -7.4366e-01  -2.5804e-01   5.5303e-01   1.9189e-01   6.6585e-02
   1.0000e+00  -6.9758e-01   4.1667e-02   4.8662e-01  -2.9066e-02   1.7361e-03
   1.0000e+00  -7.5518e-01   2.9020e-01   5.7030e-01  -2.1915e-01   8.4216e-02
   1.0000e+00  -6.9758e-01   6.8494e-01   4.8662e-01  -4.7780e-01   4.6914e-01
   1.0000e+00  -4.0380e-01   7.0687e-01   1.6305e-01  -2.8543e-01   4.9967e-01
   1.0000e+00  -3.8076e-01   9.1886e-01   1.4498e-01  -3.4987e-01   8.4430e-01
   1.0000e+00  -5.0749e-01   9.0424e-01   2.5755e-01  -4.5889e-01   8.1765e-01
   1.0000e+00  -5.4781e-01   7.0687e-01   3.0010e-01  -3.8723e-01   4.9967e-01
   1.0000e+00   1.0311e-01   7.7997e-01   1.0632e-02   8.0423e-02   6.0835e-01
   1.0000e+00   5.7028e-02   9.1886e-01   3.2522e-03   5.2401e-02   8.4430e-01
   1.0000e+00  -1.0426e-01   9.9196e-01   1.0870e-02  -1.0342e-01   9.8398e-01
   1.0000e+00  -8.1221e-02   1.1089e+00   6.5969e-03  -9.0066e-02   1.2297e+00
   1.0000e+00   2.8744e-01   1.0870e+00   8.2622e-02   3.1245e-01   1.1816e+00
   1.0000e+00   3.9689e-01   8.2383e-01   1.5752e-01   3.2697e-01   6.7870e-01
   1.0000e+00   6.3882e-01   8.8962e-01   4.0809e-01   5.6831e-01   7.9142e-01
   1.0000e+00   8.2316e-01   6.6301e-01   6.7759e-01   5.4576e-01   4.3958e-01
   1.0000e+00   6.7339e-01   6.4108e-01   4.5345e-01   4.3170e-01   4.1098e-01
   1.0000e+00   1.0709e+00   1.0015e-01   1.1468e+00   1.0725e-01   1.0030e-02
   1.0000e+00  -4.6659e-02  -5.7968e-01   2.1771e-03   2.7047e-02   3.3603e-01
   1.0000e+00  -2.3675e-01  -6.3816e-01   5.6051e-02   1.5108e-01   4.0725e-01
   1.0000e+00  -1.5035e-01  -3.6769e-01   2.2605e-02   5.5282e-02   1.3520e-01
   1.0000e+00  -4.9021e-01  -3.0190e-01   2.4031e-01   1.4799e-01   9.1144e-02
   1.0000e+00  -4.6717e-01  -1.3377e-01   2.1825e-01   6.2493e-02   1.7894e-02
   1.0000e+00  -2.8859e-01  -6.0673e-02   8.3284e-02   1.7510e-02   3.6812e-03
   1.0000e+00  -6.1118e-01  -6.7982e-02   3.7354e-01   4.1549e-02   4.6216e-03
   1.0000e+00  -6.6302e-01  -2.1418e-01   4.3960e-01   1.4201e-01   4.5873e-02
   1.0000e+00  -5.9965e-01  -4.1886e-01   3.5958e-01   2.5117e-01   1.7544e-01
   1.0000e+00  -7.2638e-01  -8.2602e-02   5.2763e-01   6.0000e-02   6.8231e-03
   1.0000e+00  -8.3007e-01   3.1213e-01   6.8902e-01  -2.5909e-01   9.7425e-02
   1.0000e+00  -7.2062e-01   5.3874e-01   5.1929e-01  -3.8823e-01   2.9024e-01
   1.0000e+00  -5.9389e-01   4.9488e-01   3.5271e-01  -2.9390e-01   2.4491e-01
   1.0000e+00  -4.8445e-01   9.9927e-01   2.3469e-01  -4.8410e-01   9.9854e-01
   1.0000e+00  -6.3364e-03   9.9927e-01   4.0150e-05  -6.3318e-03   9.9854e-01
   1.0000e+00   6.3265e-01  -3.0612e-02   4.0025e-01  -1.9367e-02   9.3709e-04

 Columns 7 through 12:

   1.3475e-04   1.8387e-03   2.5089e-02   3.4235e-01   6.9080e-06   9.4262e-05
  -7.9768e-04   5.8912e-03  -4.3509e-02   3.2133e-01   7.3979e-05  -5.4636e-04
  -9.7606e-03   3.1616e-02  -1.0241e-01   3.3173e-01   2.0859e-03  -6.7567e-03
  -5.2734e-02   7.0620e-02  -9.4573e-02   1.2665e-01   1.9775e-02  -2.6483e-02
  -1.3520e-01   1.2266e-01  -1.1128e-01   1.0096e-01   6.9393e-02  -6.2956e-02
  -1.4451e-01   5.7775e-02  -2.3098e-02   9.2346e-03   7.5836e-02  -3.0319e-02
  -6.3064e-02   5.4434e-03  -4.6985e-04   4.0555e-05   2.5102e-02  -2.1667e-03
  -2.8619e-02  -1.7987e-02  -1.1305e-02  -7.1056e-03   8.7540e-03   5.5020e-03
   4.6616e-06  -1.1281e-04   2.7298e-03  -6.6057e-02   7.7873e-08  -1.8844e-06
   2.2953e-03  -8.9418e-03   3.4835e-02  -1.3571e-01   3.0277e-04  -1.1795e-03
   5.7231e-02  -8.3917e-02   1.2305e-01  -1.8042e-01   2.2055e-02  -3.2339e-02
   1.4836e-01  -1.4606e-01   1.4381e-01  -1.4158e-01   7.8536e-02  -7.7323e-02
   2.6070e-01  -9.9338e-02   3.7852e-02  -1.4423e-02   1.6654e-01  -6.3459e-02
   3.9991e-01  -1.0039e-01   2.5199e-02  -6.3255e-03   2.9463e-01  -7.3959e-02
   1.6336e-01   1.4570e-01   1.2995e-01   1.1591e-01   8.9304e-02   7.9651e-02
   3.3386e-02   6.0406e-02   1.0929e-01   1.9775e-01   1.0750e-02   1.9451e-02
   4.6133e-03   1.4930e-02   4.8316e-02   1.5636e-01   7.6797e-04   2.4853e-03
  -1.0158e-04   1.7776e-03  -3.1108e-02   5.4438e-01   4.7396e-06  -8.2942e-05
  -5.2128e-03   2.1032e-02  -8.4854e-02   3.4235e-01   9.0385e-04  -3.6467e-03
  -1.0969e-01   1.4522e-01  -1.9227e-01   2.5456e-01   5.2507e-02  -6.9518e-02
  -2.2190e-01   2.1889e-01  -2.1593e-01   2.1301e-01   1.3434e-01  -1.3252e-01
  -2.4822e-01   1.3194e-01  -7.0134e-02   3.7280e-02   1.5599e-01  -8.2920e-02
  -2.0947e-01   1.8048e-03  -1.5550e-05   1.3398e-07   1.2440e-01  -1.0718e-03
  -7.4661e-02  -4.8345e-02  -3.1305e-02  -2.0270e-02   3.1438e-02   2.0357e-02
  -1.5520e-03  -5.3208e-03  -1.8242e-02  -6.2538e-02   1.7969e-04   6.1605e-04
   8.1255e-03  -2.4315e-02   7.2763e-02  -2.1774e-01   1.6335e-03  -4.8884e-03
   1.0120e-01  -1.1636e-01   1.3379e-01  -1.5384e-01   4.7161e-02  -5.4226e-02
   3.0535e-01  -2.4297e-01   1.9333e-01  -1.5384e-01   2.0562e-01  -1.6361e-01
  -2.6752e-03   1.0523e-02  -4.1392e-02   1.6282e-01   3.7137e-04  -1.4608e-03
  -2.5503e-02   6.7578e-02  -1.7907e-01   4.7450e-01   7.5068e-03  -1.9892e-02
  -1.8726e-02   6.7888e-02  -2.4612e-01   8.9228e-01   4.9726e-03  -1.8028e-02
  -4.2413e-03   2.1011e-02  -1.0409e-01   5.1566e-01   6.8654e-04  -3.4011e-03
  -5.2128e-03   1.9493e-02  -7.2895e-02   2.7259e-01   9.0385e-04  -3.3799e-03
  -2.2624e-02   3.7833e-02  -6.3264e-02   1.0579e-01   6.3988e-03  -1.0700e-02
  -4.8022e-02   4.1238e-02  -3.5412e-02   3.0409e-02   1.7455e-02  -1.4989e-02
  -2.7032e-02   2.4362e-03  -2.1955e-04   1.9786e-05   8.1130e-03  -7.3115e-04
  -1.3270e-02  -1.2005e-02  -1.0860e-02  -9.8251e-03   3.1417e-03   2.8422e-03
  -2.6141e-04  -7.5609e-04  -2.1869e-03  -6.3255e-03   1.6714e-05   4.8345e-05
   2.4753e-04  -6.4264e-04   1.6684e-03  -4.3315e-03   1.5542e-05  -4.0350e-05
   1.2142e-02  -2.1741e-02   3.8929e-02  -6.9706e-02   2.7906e-03  -4.9969e-03
   2.5205e-02  -1.9669e-02   1.5349e-02  -1.1978e-02   7.3902e-03  -5.7670e-03
   1.1288e-01  -4.3196e-02   1.6530e-02  -6.3255e-03   5.4555e-02  -2.0876e-02
   2.6782e-01  -5.8618e-02   1.2830e-02  -2.8080e-03   1.7264e-01  -3.7785e-02
   9.7495e-02   2.6324e-03   7.1077e-05   1.9191e-06   4.4872e-02   1.2116e-03
   2.4685e-01   6.2422e-02   1.5785e-02   3.9917e-03   1.5485e-01   3.9157e-02
   1.9057e-01   8.8839e-02   4.1415e-02   1.9307e-02   1.0966e-01   5.1123e-02
   3.8144e-01   2.3337e-01   1.4278e-01   8.7357e-02   2.7663e-01   1.6925e-01
   1.1251e-02   2.6317e-02   6.1555e-02   1.4398e-01   2.5212e-03   5.8971e-03
   8.6921e-02   1.3153e-01   1.9904e-01   3.0119e-01   3.8503e-02   5.8265e-02
   3.3386e-02   7.1775e-02   1.5431e-01   3.3173e-01   1.0750e-02   2.3112e-02
   2.6093e-03   1.0903e-02   4.5563e-02   1.9040e-01   3.5922e-04   1.5011e-03
  -2.5441e-07   1.6054e-05  -1.0131e-03   6.3928e-02   1.6120e-09  -1.0172e-07
  -7.9768e-04   4.7595e-03  -2.8398e-02   1.6944e-01   7.3979e-05  -4.4140e-04
  -8.9924e-03   1.5394e-02  -2.6353e-02   4.5114e-02   1.8700e-03  -3.2012e-03
  -8.9924e-03   7.4919e-03  -6.2417e-03   5.2002e-03   1.8700e-03  -1.5579e-03
  -8.4235e-02   4.1720e-02  -2.0663e-02   1.0234e-02   3.6925e-02  -1.8288e-02
  -1.0571e-02  -8.0983e-04  -6.2039e-05  -4.7526e-06   2.3201e-03   1.7773e-04
  -2.6752e-03  -5.2544e-03  -1.0320e-02  -2.0270e-02   3.7137e-04   7.2942e-04
   6.2052e-03   3.1522e-02   1.6013e-01   8.1342e-01   1.1403e-03   5.7924e-03
   1.1251e-02   3.9164e-02   1.3632e-01   4.7450e-01   2.5212e-03   8.7758e-03
   2.6720e-02   5.5338e-02   1.1461e-01   2.3735e-01   7.9883e-03   1.6544e-02
   1.2982e-01   1.9435e-01   2.9096e-01   4.3559e-01   6.5731e-02   9.8405e-02
   2.3349e-01   2.7635e-01   3.2707e-01   3.8710e-01   1.4378e-01   1.7017e-01
   2.2063e-01   2.1806e-01   2.1552e-01   2.1301e-01   1.3332e-01   1.3177e-01
   4.4866e-01   2.9432e-01   1.9307e-01   1.2665e-01   3.4347e-01   2.2531e-01
   7.9619e-01   3.1209e-01   1.2233e-01   4.7951e-02   7.3794e-01   2.8925e-01
   5.5777e-01   1.8673e-01   6.2514e-02   2.0929e-02   4.5913e-01   1.5371e-01
   8.8864e-01   7.9052e-02   7.0324e-03   6.2560e-04   8.5435e-01   7.6002e-02
   8.2624e-01   1.0942e-02   1.4491e-04   1.9191e-06   7.7531e-01   1.0268e-02
   6.4381e-01  -6.1588e-02   5.8916e-03  -5.6360e-04   5.5592e-01  -5.3180e-02
   7.2425e-01  -1.6684e-01   3.8432e-02  -8.8530e-03   6.5040e-01  -1.4983e-01
   6.1838e-01  -2.6688e-01   1.1518e-01  -4.9710e-02   5.2684e-01  -2.2737e-01
   5.6956e-01  -3.5812e-01   2.2518e-01  -1.4158e-01   4.7212e-01  -2.9685e-01
   5.0123e-01  -3.5194e-01   2.4711e-01  -1.7351e-01   3.9815e-01  -2.7956e-01
   2.0825e-01  -2.6017e-01   3.2502e-01  -4.0605e-01   1.2344e-01  -1.5421e-01
   1.3888e-01  -1.5938e-01   1.8290e-01  -2.0990e-01   7.1920e-02  -8.2536e-02
   1.0120e-01  -9.0962e-02   8.1759e-02  -7.3486e-02   4.7161e-02  -4.2389e-02
   4.3173e-02  -7.1340e-02   1.1788e-01  -1.9479e-01   1.5146e-02  -2.5027e-02
   2.3749e-02  -6.3597e-02   1.7031e-01  -4.5607e-01   6.8264e-03  -1.8280e-02
   6.3227e-04  -5.5627e-03   4.8940e-02  -4.3057e-01   5.4267e-05  -4.7744e-04
   3.3206e-03  -1.2902e-02   5.0132e-02  -1.9479e-01   4.9540e-04  -1.9249e-03
  -2.3558e-03  -7.9336e-03  -2.6718e-02  -8.9976e-02   3.1347e-04   1.0556e-03
  -6.8699e-02  -6.9033e-02  -6.9369e-02  -6.9706e-02   2.8137e-02   2.8273e-02
  -6.0365e-02  -3.9708e-02  -2.6120e-02  -1.7182e-02   2.3680e-02   1.5577e-02
  -4.1127e-01  -1.4270e-01  -4.9516e-02  -1.7182e-02   3.0584e-01   1.0612e-01
  -3.3945e-01   2.0276e-02  -1.2111e-03   7.2340e-05   2.3680e-01  -1.4144e-02
  -4.3068e-01   1.6550e-01  -6.3598e-02   2.4439e-02   3.2524e-01  -1.2498e-01
  -3.3945e-01   3.3330e-01  -3.2726e-01   3.2133e-01   2.3680e-01  -2.3251e-01
  -6.5841e-02   1.1526e-01  -2.0176e-01   3.5320e-01   2.6587e-02  -4.6541e-02
  -5.5202e-02   1.3321e-01  -3.2148e-01   7.7580e-01   2.1019e-02  -5.0723e-02
  -1.3070e-01   2.3288e-01  -4.1495e-01   7.3935e-01   6.6330e-02  -1.1819e-01
  -1.6440e-01   2.1213e-01  -2.7372e-01   3.5320e-01   9.0057e-02  -1.1621e-01
   1.0962e-03   8.2924e-03   6.2727e-02   4.7450e-01   1.1303e-04   8.5503e-04
   1.8547e-04   2.9883e-03   4.8149e-02   7.7580e-01   1.0577e-05   1.7042e-04
  -1.1333e-03   1.0783e-02  -1.0259e-01   9.7607e-01   1.1816e-04  -1.1242e-03
  -5.3580e-04   7.3152e-03  -9.9874e-02   1.3636e+00   4.3518e-05  -5.9415e-04
   2.3749e-02   8.9810e-02   3.3963e-01   1.2844e+00   6.8264e-03   2.5815e-02
   6.2519e-02   1.2977e-01   2.6937e-01   5.5913e-01   2.4813e-02   5.1505e-02
   2.6070e-01   3.6305e-01   5.0558e-01   7.0407e-01   1.6654e-01   2.3192e-01
   5.5777e-01   4.4925e-01   3.6185e-01   2.9145e-01   4.5913e-01   3.6981e-01
   3.0535e-01   2.9070e-01   2.7675e-01   2.6347e-01   2.0562e-01   1.9575e-01
   1.2281e+00   1.1485e-01   1.0741e-02   1.0045e-03   1.3152e+00   1.2300e-01
  -1.0158e-04  -1.2620e-03  -1.5679e-02  -1.9479e-01   4.7396e-06   5.8884e-05
  -1.3270e-02  -3.5769e-02  -9.6416e-02  -2.5989e-01   3.1417e-03   8.4684e-03
  -3.3987e-03  -8.3117e-03  -2.0327e-02  -4.9710e-02   5.1099e-04   1.2497e-03
  -1.1780e-01  -7.2548e-02  -4.4680e-02  -2.7516e-02   5.7747e-02   3.5564e-02
  -1.0196e-01  -2.9195e-02  -8.3597e-03  -2.3937e-03   4.7632e-02   1.3639e-02
  -2.4035e-02  -5.0531e-03  -1.0624e-03  -2.2335e-04   6.9363e-03   1.4583e-03
  -2.2830e-01  -2.5394e-02  -2.8246e-03  -3.1418e-04   1.3953e-01   1.5520e-02
  -2.9146e-01  -9.4153e-02  -3.0415e-02  -9.8251e-03   1.9324e-01   6.2425e-02
  -2.1562e-01  -1.5061e-01  -1.0520e-01  -7.3486e-02   1.2930e-01   9.0316e-02
  -3.8326e-01  -4.3583e-02  -4.9562e-03  -5.6360e-04   2.7839e-01   3.1658e-02
  -5.7193e-01   2.1506e-01  -8.0870e-02   3.0409e-02   4.7474e-01  -1.7852e-01
  -3.7421e-01   2.7976e-01  -2.0915e-01   1.5636e-01   2.6967e-01  -2.0160e-01
  -2.0947e-01   1.7455e-01  -1.4545e-01   1.2120e-01   1.2440e-01  -1.0366e-01
  -1.1370e-01   2.3452e-01  -4.8374e-01   9.9781e-01   5.5080e-02  -1.1361e-01
  -2.5441e-07   4.0121e-05  -6.3272e-03   9.9781e-01   1.6120e-09  -2.5422e-07
   2.5322e-01  -1.2252e-02   5.9285e-04  -2.8686e-05   1.6020e-01  -7.7514e-03

 Columns 13 through 18:

   1.2863e-03   1.7551e-02   2.3950e-01   3.5415e-07   4.8326e-06   6.5942e-05
   4.0351e-03  -2.9801e-02   2.2009e-01  -6.8609e-06   5.0671e-05  -3.7423e-04
   2.1886e-02  -7.0895e-02   2.2964e-01  -4.4578e-04   1.4440e-03  -4.6774e-03
   3.5465e-02  -4.7494e-02   6.3602e-02  -7.4158e-03   9.9310e-03  -1.3299e-02
   5.7116e-02  -5.1818e-02   4.7011e-02  -3.5616e-02   3.2312e-02  -2.9315e-02
   1.2121e-02  -4.8460e-03   1.9374e-03  -3.9797e-02   1.5910e-02  -6.3609e-03
   1.8702e-04  -1.6143e-05   1.3934e-06  -9.9916e-03   8.6243e-04  -7.4441e-05
   3.4581e-03   2.1735e-03   1.3660e-03  -2.6777e-03  -1.6829e-03  -1.0578e-03
   4.5601e-05  -1.1035e-03   2.6703e-02   1.3009e-09  -3.1479e-08   7.6176e-07
   4.5951e-03  -1.7901e-02   6.9740e-02   3.9938e-05  -1.5559e-04   6.0614e-04
   4.7418e-02  -6.9528e-02   1.0195e-01   8.4994e-03  -1.2463e-02   1.8274e-02
   7.6128e-02  -7.4952e-02   7.3793e-02   4.1576e-02  -4.0933e-02   4.0301e-02
   2.4181e-02  -9.2140e-03   3.5110e-03   1.0639e-01  -4.0539e-02   1.5447e-02
   1.8565e-02  -4.6603e-03   1.1698e-03   2.1707e-01  -5.4489e-02   1.3678e-02
   7.1041e-02   6.3362e-02   5.6513e-02   4.8819e-02   4.3542e-02   3.8835e-02
   3.5193e-02   6.3675e-02   1.1521e-01   3.4616e-03   6.2632e-03   1.1332e-02
   8.0432e-03   2.6030e-02   8.4240e-02   1.2784e-04   4.1374e-04   1.3390e-03
   1.4515e-03  -2.5400e-02   4.4450e-01  -2.2115e-07   3.8700e-06  -6.7724e-05
   1.4713e-02  -5.9361e-02   2.3950e-01  -1.5672e-04   6.3230e-04  -2.5511e-03
   9.2039e-02  -1.2186e-01   1.6133e-01  -2.5135e-02   3.3277e-02  -4.4058e-02
   1.3073e-01  -1.2896e-01   1.2721e-01  -8.1329e-02   8.0229e-02  -7.9144e-02
   4.4076e-02  -2.3429e-02   1.2454e-02  -9.8037e-02   5.2112e-02  -2.7700e-02
   9.2351e-06  -7.9571e-08   6.8559e-10  -7.3881e-02   6.3656e-04  -5.4846e-06
   1.3182e-02   8.5355e-03   5.5270e-03  -1.3238e-02  -8.5720e-03  -5.5506e-03
   2.1120e-03   7.2406e-03   2.4823e-02  -2.0805e-05  -7.1326e-05  -2.4453e-04
   1.4628e-02  -4.3775e-02   1.3100e-01   3.2841e-04  -9.8275e-04   2.9409e-03
   6.2349e-02  -7.1689e-02   8.2428e-02   2.1977e-02  -2.5270e-02   2.9055e-02
   1.3019e-01  -1.0359e-01   8.2428e-02   1.3846e-01  -1.1018e-01   8.7667e-02
   5.7460e-03  -2.2602e-02   8.8906e-02  -5.1554e-05   2.0279e-04  -7.9767e-04
   5.2709e-02  -1.3967e-01   3.7009e-01  -2.2096e-03   5.8551e-03  -1.5515e-02
   6.5357e-02  -2.3694e-01   8.5901e-01  -1.3205e-03   4.7872e-03  -1.7356e-02
   1.6849e-02  -8.3469e-02   4.1351e-01  -1.1113e-04   5.5054e-04  -2.7273e-03
   1.2639e-02  -4.7264e-02   1.7674e-01  -1.5672e-04   5.8605e-04  -2.1915e-03
   1.7893e-02  -2.9921e-02   5.0034e-02  -1.8098e-03   3.0263e-03  -5.0607e-03
   1.2872e-02  -1.1053e-02   9.4917e-03  -6.3446e-03   5.4483e-03  -4.6786e-03
   6.5891e-05  -5.9382e-06   5.3515e-07  -2.4349e-03   2.1943e-04  -1.9775e-05
   2.5712e-03   2.3261e-03   2.1043e-03  -7.4379e-04  -6.7288e-04  -6.0873e-04
   1.3983e-04   4.0445e-04   1.1698e-03  -1.0687e-06  -3.0912e-06  -8.9409e-06
   1.0476e-04  -2.7197e-04   7.0609e-04   9.7585e-07  -2.5335e-06   6.5775e-06
   8.9474e-03  -1.6021e-02   2.8687e-02   6.4140e-04  -1.1485e-03   2.0565e-03
   4.5003e-03  -3.5118e-03   2.7405e-03   2.1668e-03  -1.6909e-03   1.3195e-03
   7.9887e-03  -3.0570e-03   1.1698e-03   2.6366e-02  -1.0089e-02   3.8609e-03
   8.2699e-03  -1.8100e-03   3.9615e-04   1.1128e-01  -2.4356e-02   5.3307e-03
   3.2713e-05   8.8327e-07   2.3849e-08   2.0652e-02   5.5762e-04   1.5056e-05
   9.9020e-03   2.5040e-03   6.3320e-04   9.7135e-02   2.4563e-02   6.2115e-03
   2.3833e-02   1.1110e-02   5.1795e-03   6.3107e-02   2.9419e-02   1.3715e-02
   1.0355e-01   6.3354e-02   3.8761e-02   2.0062e-01   1.2274e-01   7.5098e-02
   1.3793e-02   3.2262e-02   7.5461e-02   5.6496e-04   1.3214e-03   3.0908e-03
   8.8168e-02   1.3342e-01   2.0190e-01   1.7056e-02   2.5809e-02   3.9056e-02
   4.9686e-02   1.0682e-01   2.2964e-01   3.4616e-03   7.4419e-03   1.5999e-02
   6.2727e-03   2.6212e-02   1.0953e-01   4.9453e-05   2.0665e-04   8.6356e-04
   6.4192e-06  -4.0507e-04   2.5562e-02  -1.0214e-11   6.4457e-10  -4.0674e-08
   2.6337e-03  -1.5714e-02   9.3763e-02  -6.8609e-06   4.0937e-05  -2.4426e-04
   5.4802e-03  -9.3815e-03   1.6060e-02  -3.8886e-04   6.6569e-04  -1.1396e-03
   1.2980e-03  -1.0814e-03   9.0093e-04  -3.8886e-04   3.2397e-04  -2.6991e-04
   9.0578e-03  -4.4861e-03   2.2219e-03  -1.6187e-02   8.0168e-03  -3.9706e-03
   1.3616e-05   1.0431e-06   7.9906e-08  -5.0919e-04  -3.9007e-05  -2.9882e-06
   1.4327e-03   2.8139e-03   5.5270e-03  -5.1554e-05  -1.0126e-04  -1.9888e-04
   2.9425e-02   1.4947e-01   7.5931e-01   2.0953e-04   1.0644e-03   5.4071e-03
   3.0547e-02   1.0633e-01   3.7009e-01   5.6496e-04   1.9665e-03   6.8449e-03
   3.4262e-02   7.0958e-02   1.4695e-01   2.3882e-03   4.9459e-03   1.0243e-02
   1.4732e-01   2.2056e-01   3.3019e-01   3.3282e-02   4.9827e-02   7.4595e-02
   2.0140e-01   2.3837e-01   2.8212e-01   8.8538e-02   1.0479e-01   1.2402e-01
   1.3023e-01   1.2871e-01   1.2721e-01   8.0560e-02   7.9621e-02   7.8694e-02
   1.4780e-01   9.6957e-02   6.3602e-02   2.6295e-01   1.7249e-01   1.1315e-01
   1.1338e-01   4.4443e-02   1.7421e-02   6.8395e-01   2.6809e-01   1.0509e-01
   5.1459e-02   1.7228e-02   5.7675e-03   3.7794e-01   1.2653e-01   4.2359e-02
   6.7610e-03   6.0145e-04   5.3505e-05   8.2138e-01   7.3069e-02   6.5001e-03
   1.3598e-04   1.8008e-06   2.3849e-08   7.2752e-01   9.6348e-03   1.2760e-04
   5.0873e-03  -4.8666e-04   4.6555e-05   4.8002e-01  -4.5920e-02   4.3928e-03
   3.4513e-02  -7.9504e-03   1.8314e-03   5.8409e-01  -1.3455e-01   3.0994e-02
   9.8130e-02  -4.2351e-02   1.8278e-02   4.4884e-01  -1.9371e-01   8.3603e-02
   1.8665e-01  -1.1736e-01   7.3793e-02   3.9135e-01  -2.4607e-01   1.5472e-01
   1.9629e-01  -1.3783e-01   9.6774e-02   3.1627e-01  -2.2207e-01   1.5592e-01
   1.9265e-01  -2.4068e-01   3.0068e-01   7.3168e-02  -9.1408e-02   1.1419e-01
   9.4719e-02  -1.0870e-01   1.2474e-01   3.7244e-02  -4.2742e-02   4.9051e-02
   3.8100e-02  -3.4245e-02   3.0780e-02   2.1977e-02  -1.9754e-02   1.7755e-02
   4.1354e-02  -6.8334e-02   1.1292e-01   5.3132e-03  -8.7796e-03   1.4507e-02
   4.8953e-02  -1.3109e-01   3.5106e-01   1.9622e-03  -5.2545e-03   1.4071e-02
   4.2005e-03  -3.6956e-02   3.2514e-01   4.6577e-06  -4.0978e-05   3.6052e-04
   7.4792e-03  -2.9061e-02   1.1292e-01   7.3909e-05  -2.8718e-04   1.1158e-03
   3.5550e-03   1.1972e-02   4.0318e-02  -4.1710e-05  -1.4046e-04  -4.7303e-04
   2.8411e-02   2.8549e-02   2.8687e-02  -1.1524e-02  -1.1580e-02  -1.1636e-02
   1.0246e-02   6.7400e-03   4.4335e-03  -9.2893e-03  -6.1104e-03  -4.0194e-03
   3.6823e-02   1.2777e-02   4.4335e-03  -2.2744e-01  -7.8920e-02  -2.7384e-02
   8.4484e-04  -5.0463e-05   3.0142e-06  -1.6518e-01   9.8666e-03  -5.8934e-04
   4.8028e-02  -1.8456e-02   7.0923e-03  -2.4561e-01   9.4384e-02  -3.6270e-02
   2.2829e-01  -2.2416e-01   2.2009e-01  -1.6518e-01   1.6219e-01  -1.5925e-01
   8.1473e-02  -1.4262e-01   2.4967e-01  -1.0736e-02   1.8793e-02  -3.2899e-02
   1.2241e-01  -2.9539e-01   7.1285e-01  -8.0031e-03   1.9313e-02  -4.6607e-02
   2.1058e-01  -3.7521e-01   6.6855e-01  -3.3662e-02   5.9978e-02  -1.0687e-01
   1.4995e-01  -1.9349e-01   2.4967e-01  -4.9334e-02   6.3659e-02  -8.2143e-02
   6.4678e-03   4.8925e-02   3.7009e-01   1.1655e-05   8.8162e-05   6.6690e-04
   2.7458e-03   4.4242e-02   7.1285e-01   6.0317e-07   9.7186e-06   1.5659e-04
   1.0696e-02  -1.0177e-01   9.6823e-01  -1.2319e-05   1.1721e-04  -1.1152e-03
   8.1119e-03  -1.1075e-01   1.5121e+00  -3.5346e-06   4.8258e-05  -6.5885e-04
   9.7623e-02   3.6918e-01   1.3961e+00   1.9622e-03   7.4202e-03   2.8061e-02
   1.0691e-01   2.2191e-01   4.6063e-01   9.8481e-03   2.0442e-02   4.2431e-02
   3.2297e-01   4.4977e-01   6.2635e-01   1.0639e-01   1.4816e-01   2.0632e-01
   2.9786e-01   2.3991e-01   1.9323e-01   3.7794e-01   3.0441e-01   2.4518e-01
   1.8636e-01   1.7742e-01   1.6891e-01   1.3846e-01   1.3182e-01   1.2549e-01
   1.1503e-02   1.0757e-03   1.0060e-04   1.4085e+00   1.3172e-01   1.2318e-02
   7.3156e-04   9.0887e-03   1.1292e-01  -2.2115e-07  -2.7475e-06  -3.4134e-05
   2.2826e-02   6.1529e-02   1.6585e-01  -7.4379e-04  -2.0049e-03  -5.4042e-03
   3.0561e-03   7.4739e-03   1.8278e-02  -7.6828e-05  -1.8789e-04  -4.5949e-04
   2.1902e-02   1.3489e-02   8.3072e-03  -2.8308e-02  -1.7434e-02  -1.0737e-02
   3.9054e-03   1.1183e-03   3.2021e-04  -2.2252e-02  -6.3717e-03  -1.8245e-03
   3.0659e-04   6.4457e-05   1.3551e-05  -2.0017e-03  -4.2084e-04  -8.8478e-05
   1.7263e-03   1.9202e-04   2.1359e-05  -8.5280e-02  -9.4857e-03  -1.0551e-03
   2.0166e-02   6.5142e-03   2.1043e-03  -1.2812e-01  -4.1389e-02  -1.3370e-02
   6.3086e-02   4.4066e-02   3.0780e-02  -7.7533e-02  -5.4158e-02  -3.7830e-02
   3.6001e-03   4.0939e-04   4.6555e-05  -2.0222e-01  -2.2996e-02  -2.6150e-03
   6.7127e-02  -2.5242e-02   9.4917e-03  -3.9407e-01   1.4818e-01  -5.5721e-02
   1.5072e-01  -1.1268e-01   8.4240e-02  -1.9433e-01   1.4528e-01  -1.0861e-01
   8.6380e-02  -7.1979e-02   5.9979e-02  -7.3881e-02   6.1564e-02  -5.1300e-02
   2.3435e-01  -4.8339e-01   9.9708e-01  -2.6684e-02   5.5040e-02  -1.1353e-01
   4.0091e-05  -6.3225e-03   9.9708e-01  -1.0214e-11   1.6108e-09  -2.5403e-07
   3.7507e-04  -1.8148e-05   8.7815e-07   1.0135e-01  -4.9039e-03   2.3729e-04

 Columns 19 through 24:

   8.9981e-04   1.2278e-02   1.6754e-01   1.8156e-08   2.4775e-07   3.3807e-06
   2.7638e-03  -2.0412e-02   1.5075e-01   6.3630e-07  -4.6993e-06   3.4707e-05
   1.5151e-02  -4.9077e-02   1.5897e-01   9.5268e-05  -3.0859e-04   9.9960e-04
   1.7810e-02  -2.3851e-02   3.1940e-02   2.7809e-03  -3.7241e-03   4.9873e-03
   2.6596e-02  -2.4128e-02   2.1890e-02   1.8280e-02  -1.6584e-02   1.5046e-02
   2.5430e-03  -1.0167e-03   4.0647e-04   2.0884e-02  -8.3493e-03   3.3380e-03
   6.4254e-06  -5.5461e-07   4.7871e-08   3.9770e-03  -3.4328e-04   2.9630e-05
  -6.6482e-04  -4.1785e-04  -2.6262e-04   8.1904e-04   5.1478e-04   3.2355e-04
  -1.8434e-05   4.4607e-04  -1.0794e-02   2.1731e-11  -5.2586e-10   1.2725e-08
  -2.3614e-03   9.1994e-03  -3.5839e-02   5.2682e-06  -2.0524e-05   7.9956e-05
  -2.6794e-02   3.9288e-02  -5.7607e-02   3.2754e-03  -4.8027e-03   7.0421e-03
  -3.9678e-02   3.9065e-02  -3.8461e-02   2.2009e-02  -2.1669e-02   2.1334e-02
  -5.8861e-03   2.2429e-03  -8.5464e-04   6.7963e-02  -2.5897e-02   9.8679e-03
  -3.4335e-03   8.6187e-04  -2.1635e-04   1.5993e-01  -4.0145e-02   1.0077e-02
   3.4637e-02   3.0893e-02   2.7554e-02   2.6687e-02   2.3803e-02   2.1230e-02
   2.0503e-02   3.7097e-02   6.7120e-02   1.1146e-03   2.0167e-03   3.6489e-03
   4.3332e-03   1.4023e-02   4.5383e-02   2.1282e-05   6.8875e-05   2.2290e-04
   1.1851e-03  -2.0740e-02   3.6294e-01   1.0318e-08  -1.8057e-07   3.1599e-06
   1.0293e-02  -4.1526e-02   1.6754e-01   2.7173e-05  -1.0963e-04   4.4233e-04
   5.8332e-02  -7.7229e-02   1.0225e-01   1.2032e-02  -1.5930e-02   2.1090e-02
   7.8073e-02  -7.7017e-02   7.5975e-02   4.9238e-02  -4.8572e-02   4.7915e-02
   1.4724e-02  -7.8266e-03   4.1603e-03   6.1612e-02  -3.2750e-02   1.7408e-02
   4.7256e-08  -4.0716e-10   3.5081e-12   4.3877e-02  -3.7805e-04   3.2573e-06
  -3.5941e-03  -2.3273e-03  -1.5070e-03   5.5743e-03   3.6095e-03   2.3372e-03
  -8.3832e-04  -2.8740e-03  -9.8530e-03   2.4088e-06   8.2581e-06   2.8311e-05
  -8.8006e-03   2.6336e-02  -7.8809e-02   6.6023e-05  -1.9757e-04   5.9123e-04
  -3.3408e-02   3.8412e-02  -4.4167e-02   1.0242e-02  -1.1776e-02   1.3540e-02
  -6.9757e-02   5.5506e-02  -4.4167e-02   9.3240e-02  -7.4191e-02   5.9034e-02
   3.1376e-03  -1.2342e-02   4.8547e-02   7.1567e-06  -2.8151e-05   1.1073e-04
   4.1111e-02  -1.0894e-01   2.8866e-01   6.5041e-04  -1.7234e-03   4.5668e-03
   6.2921e-02  -2.2811e-01   8.2699e-01   3.5065e-04  -1.2713e-03   4.6088e-03
   1.3511e-02  -6.6934e-02   3.3159e-01   1.7989e-05  -8.9115e-05   4.4147e-04
   8.1952e-03  -3.0646e-02   1.1460e-01   2.7173e-05  -1.0161e-04   3.7999e-04
   8.4625e-03  -1.4151e-02   2.3663e-02   5.1186e-04  -8.5594e-04   1.4313e-03
   4.0176e-03  -3.4500e-03   2.9626e-03   2.3061e-03  -1.9803e-03   1.7006e-03
   1.7822e-06  -1.6061e-07   1.4474e-08   7.3075e-04  -6.5856e-05   5.9350e-06
  -5.5070e-04  -4.9820e-04  -4.5071e-04   1.7609e-04   1.5930e-04   1.4412e-04
  -2.5861e-05  -7.4799e-05  -2.1635e-04   6.8334e-08   1.9765e-07   5.7168e-07
  -1.7076e-05   4.4334e-05  -1.1510e-04   6.1272e-08  -1.5907e-07   4.1299e-07
  -3.6823e-03   6.5935e-03  -1.1806e-02   1.4742e-04  -2.6397e-04   4.7266e-04
  -1.0297e-03   8.0350e-04  -6.2702e-04   6.3531e-04  -4.9576e-04   3.8687e-04
  -1.4774e-03   5.6537e-04  -2.1635e-04   1.2742e-02  -4.8761e-03   1.8659e-03
  -1.1667e-03   2.5536e-04  -5.5889e-05   7.1730e-02  -1.5699e-02   3.4361e-03
   4.0652e-07   1.0976e-08   2.9637e-10   9.5052e-03   2.5665e-04   6.9296e-06
   1.5707e-03   3.9721e-04   1.0044e-04   6.0933e-02   1.5409e-02   3.8965e-03
   6.3936e-03   2.9806e-03   1.3895e-03   3.6315e-02   1.6930e-02   7.8923e-03
   4.5946e-02   2.8111e-02   1.7199e-02   1.4550e-01   8.9018e-02   5.4463e-02
   7.2293e-03   1.6909e-02   3.9551e-02   1.2660e-04   2.9611e-04   6.9259e-04
   5.9101e-02   8.9434e-02   1.3534e-01   7.5552e-03   1.1433e-02   1.7301e-02
   3.4395e-02   7.3945e-02   1.5897e-01   1.1146e-03   2.3963e-03   5.1517e-03
   3.6086e-03   1.5079e-02   6.3014e-02   6.8083e-06   2.8450e-05   1.1889e-04
   2.5667e-06  -1.6197e-04   1.0221e-02   6.4723e-14  -4.0842e-12   2.5773e-10
   1.4574e-03  -8.6958e-03   5.1885e-02   6.3630e-07  -3.7966e-06   2.2653e-05
   1.9509e-03  -3.3397e-03   5.7173e-03   8.0864e-05  -1.3843e-04   2.3698e-04
   2.2487e-04  -1.8735e-04   1.5609e-04   8.0864e-05  -6.7370e-05   5.6128e-05
   1.9665e-03  -9.7398e-04   4.8239e-04   7.0955e-03  -3.5143e-03   1.7405e-03
  -2.2892e-07  -1.7537e-08  -1.3435e-09   1.1175e-04   8.5609e-06   6.5583e-07
  -3.9063e-04  -7.6725e-04  -1.5070e-03   7.1567e-06   1.4057e-05   2.7609e-05
   2.7467e-02   1.3953e-01   7.0880e-01   3.8504e-05   1.9560e-04   9.9361e-04
   2.3825e-02   8.2931e-02   2.8866e-01   1.2660e-04   4.4065e-04   1.5338e-03
   2.1214e-02   4.3934e-02   9.0987e-02   7.1397e-04   1.4786e-03   3.0623e-03
   1.1168e-01   1.6719e-01   2.5030e-01   1.6852e-02   2.5229e-02   3.7771e-02
   1.4678e-01   1.7372e-01   2.0561e-01   5.4520e-02   6.4526e-02   7.6369e-02
   7.7777e-02   7.6871e-02   7.5975e-02   4.8679e-02   4.8112e-02   4.7551e-02
   7.4225e-02   4.8691e-02   3.1940e-02   2.0130e-01   1.3205e-01   8.6622e-02
   4.1191e-02   1.6146e-02   6.3289e-03   6.3391e-01   2.4848e-01   9.7398e-02
   1.4181e-02   4.7476e-03   1.5894e-03   3.1110e-01   1.0415e-01   3.4868e-02
   5.7824e-04   5.1440e-05   4.5761e-06   7.8968e-01   7.0249e-02   6.2493e-03
   1.6898e-06   2.2379e-08   2.9637e-10   6.8268e-01   9.0409e-03   1.1973e-04
  -4.2022e-04   4.0199e-05  -3.8455e-06   4.1449e-01  -3.9651e-02   3.7931e-03
  -7.1398e-03   1.6447e-03  -3.7887e-04   5.2453e-01  -1.2083e-01   2.7834e-02
  -3.6081e-02   1.5572e-02  -6.7206e-03   3.8240e-01  -1.6504e-01   7.1226e-02
  -9.7283e-02   6.1169e-02  -3.8461e-02   3.2440e-01  -2.0397e-01   1.2825e-01
  -1.0948e-01   7.6872e-02  -5.3976e-02   2.5123e-01  -1.7640e-01   1.2386e-01
  -1.4266e-01   1.7822e-01  -2.2265e-01   4.3370e-02  -5.4181e-02   6.7687e-02
  -5.6291e-02   6.4600e-02  -7.4136e-02   1.9287e-02  -2.2134e-02   2.5402e-02
  -1.5959e-02   1.4344e-02  -1.2893e-02   1.0242e-02  -9.2055e-03   8.2741e-03
  -2.3972e-02   3.9612e-02  -6.5455e-02   1.8639e-03  -3.0800e-03   5.0894e-03
  -3.7681e-02   1.0091e-01  -2.7022e-01   5.6401e-04  -1.5104e-03   4.0446e-03
  -3.1719e-03   2.7906e-02  -2.4552e-01   3.9976e-07  -3.5171e-06   3.0943e-05
  -4.3356e-03   1.6846e-02  -6.5455e-02   1.1027e-05  -4.2844e-05   1.6647e-04
  -1.5930e-03  -5.3647e-03  -1.8067e-02   5.5499e-06   1.8690e-05   6.2942e-05
  -1.1692e-02  -1.1749e-02  -1.1806e-02   4.7196e-03   4.7425e-03   4.7656e-03
  -2.6440e-03  -1.7392e-03  -1.1440e-03   3.6440e-03   2.3970e-03   1.5767e-03
  -9.5019e-03  -3.2970e-03  -1.1440e-03   1.6914e-01   5.8689e-02   2.0364e-02
   3.5202e-05  -2.1026e-06   1.2559e-07   1.1523e-01  -6.8828e-03   4.1111e-04
   1.3938e-02  -5.3560e-03   2.0582e-03   1.8548e-01  -7.1277e-02   2.7390e-02
   1.5637e-01  -1.5353e-01   1.5075e-01   1.1523e-01  -1.1314e-01   1.1109e-01
   5.7591e-02  -1.0081e-01   1.7648e-01   4.3351e-03  -7.5888e-03   1.3284e-02
   1.1247e-01  -2.7142e-01   6.5501e-01   3.0472e-03  -7.3537e-03   1.7746e-02
   1.9042e-01  -3.3928e-01   6.0453e-01   1.7083e-02  -3.0438e-02   5.4235e-02
   1.0599e-01  -1.3677e-01   1.7648e-01   2.7026e-02  -3.4873e-02   4.4999e-02
   5.0447e-03   3.8160e-02   2.8866e-01   1.2017e-06   9.0904e-06   6.8764e-05
   2.5230e-03   4.0652e-02   6.5501e-01   3.4398e-08   5.5423e-07   8.9300e-06
   1.0610e-02  -1.0095e-01   9.6044e-01   1.2844e-06  -1.2220e-05   1.1627e-04
   8.9953e-03  -1.2281e-01   1.6767e+00   2.8708e-07  -3.9195e-06   5.3513e-05
   1.0612e-01   4.0130e-01   1.5176e+00   5.6401e-04   2.1329e-03   8.0658e-03
   8.8075e-02   1.8282e-01   3.7948e-01   3.9086e-03   8.1131e-03   1.6841e-02
   2.8732e-01   4.0013e-01   5.5721e-01   6.7963e-02   9.4645e-02   1.3180e-01
   1.9748e-01   1.5906e-01   1.2812e-01   3.1110e-01   2.5058e-01   2.0183e-01
   1.1947e-01   1.1374e-01   1.0828e-01   9.3240e-02   8.8766e-02   8.4507e-02
   1.1520e-03   1.0773e-04   1.0075e-05   1.5083e+00   1.4106e-01   1.3192e-02
  -4.2407e-04  -5.2685e-03  -6.5455e-02   1.0318e-08   1.2819e-07   1.5926e-06
  -1.4567e-02  -3.9265e-02  -1.0584e-01   1.7609e-04   4.7466e-04   1.2794e-03
  -1.1237e-03  -2.7481e-03  -6.7206e-03   1.1551e-05   2.8249e-05   6.9084e-05
  -6.6123e-03  -4.0723e-03  -2.5079e-03   1.3877e-02   8.5462e-03   5.2633e-03
  -5.2243e-04  -1.4959e-04  -4.2834e-05   1.0396e-02   2.9767e-03   8.5235e-04
  -1.8602e-05  -3.9108e-06  -8.2220e-07   5.7768e-04   1.2145e-04   2.5534e-05
  -1.1736e-04  -1.3054e-05  -1.4520e-06   5.2121e-02   5.7975e-03   6.4486e-04
  -4.3191e-03  -1.3952e-03  -4.5071e-04   8.4949e-02   2.7442e-02   8.8647e-03
  -2.6424e-02  -1.8458e-02  -1.2893e-02   4.6493e-02   3.2476e-02   2.2684e-02
  -2.9737e-04  -3.3816e-05  -3.8455e-06   1.4689e-01   1.6704e-02   1.8995e-03
   2.0953e-02  -7.8787e-03   2.9626e-03   3.2711e-01  -1.2300e-01   4.6252e-02
   8.1199e-02  -6.0705e-02   4.5383e-02   1.4004e-01  -1.0469e-01   7.8268e-02
   4.2748e-02  -3.5621e-02   2.9682e-02   4.3877e-02  -3.6562e-02   3.0467e-02
   2.3418e-01  -4.8304e-01   9.9636e-01   1.2927e-02  -2.6664e-02   5.5000e-02
   4.0062e-05  -6.3179e-03   9.9636e-01   6.4723e-14  -1.0207e-11   1.6097e-09
  -1.1482e-05   5.5556e-07  -2.6882e-08   6.4118e-02  -3.1025e-03   1.5012e-04

 Columns 25 through 28:

   4.6131e-05   6.2947e-04   8.5894e-03   1.1721e-01
  -2.5632e-04   1.8931e-03  -1.3981e-02   1.0326e-01
  -3.2379e-03   1.0488e-02  -3.3973e-02   1.1005e-01
  -6.6788e-03   8.9441e-03  -1.1978e-02   1.6040e-02
  -1.3650e-02   1.2384e-02  -1.1235e-02   1.0193e-02
  -1.3345e-03   5.3353e-04  -2.1330e-04   8.5277e-05
  -2.5576e-06   2.2076e-07  -1.9055e-08   1.6447e-09
   2.0335e-04   1.2781e-04   8.0331e-05   5.0489e-05
  -3.0793e-07   7.4516e-06  -1.8032e-04   4.3635e-03
  -3.1149e-04   1.2135e-03  -4.7275e-03   1.8417e-02
  -1.0326e-02   1.5140e-02  -2.2200e-02   3.2551e-02
  -2.1005e-02   2.0680e-02  -2.0361e-02   2.0046e-02
  -3.7601e-03   1.4328e-03  -5.4596e-04   2.0804e-04
  -2.5296e-03   6.3499e-04  -1.5939e-04   4.0012e-05
   1.8935e-02   1.6888e-02   1.5063e-02   1.3435e-02
   6.6021e-03   1.1945e-02   2.1613e-02   3.9104e-02
   7.2135e-04   2.3345e-03   7.5550e-03   2.4450e-02
  -5.5298e-05   9.6769e-04  -1.6934e-02   2.9635e-01
  -1.7846e-03   7.2003e-03  -2.9050e-02   1.1721e-01
  -2.7923e-02   3.6969e-02  -4.8945e-02   6.4802e-02
  -4.7266e-02   4.6627e-02  -4.5996e-02   4.5374e-02
  -9.2535e-03   4.9187e-03  -2.6146e-03   1.3898e-03
  -2.8065e-08   2.4181e-10  -2.0835e-12   1.7951e-14
   1.5134e-03   9.7997e-04   6.3456e-04   4.1089e-04
   9.7060e-05   3.3275e-04   1.1408e-03   3.9110e-03
  -1.7693e-03   5.2945e-03  -1.5844e-02   4.7412e-02
  -1.5568e-02   1.7901e-02  -2.0582e-02   2.3665e-02
  -4.6974e-02   3.7377e-02  -2.9741e-02   2.3665e-02
  -4.3557e-04   1.7133e-03  -6.7393e-03   2.6509e-02
  -1.2101e-02   3.2066e-02  -8.4968e-02   2.2515e-01
  -1.6709e-02   6.0575e-02  -2.1961e-01   7.9616e-01
  -2.1871e-03   1.0835e-02  -5.3674e-02   2.6590e-01
  -1.4210e-03   5.3137e-03  -1.9870e-02   7.4305e-02
  -2.3934e-03   4.0023e-03  -6.6927e-03   1.1192e-02
  -1.4603e-03   1.2540e-03  -1.0769e-03   9.2473e-04
  -5.3486e-07   4.8202e-08  -4.3440e-09   3.9148e-10
   1.3038e-04   1.1795e-04   1.0670e-04   9.6532e-05
   1.6535e-06   4.7827e-06   1.3833e-05   4.0012e-05
  -1.0722e-06   2.7836e-06  -7.2268e-06   1.8762e-05
  -8.4634e-04   1.5155e-03  -2.7136e-03   4.8589e-03
  -3.0190e-04   2.3559e-04  -1.8384e-04   1.4346e-04
  -7.1403e-04   2.7324e-04  -1.0456e-04   4.0012e-05
  -7.5205e-04   1.6460e-04  -3.6026e-05   7.8848e-06
   1.8710e-07   5.0519e-09   1.3640e-10   3.6830e-12
   9.8533e-04   2.4917e-04   6.3009e-05   1.5934e-05
   3.6793e-03   1.7152e-03   7.9961e-04   3.7276e-04
   3.3322e-02   2.0387e-02   1.2473e-02   7.6312e-03
   1.6199e-03   3.7890e-03   8.8625e-03   2.0729e-02
   2.6180e-02   3.9617e-02   5.9949e-02   9.0718e-02
   1.1075e-02   2.3810e-02   5.1188e-02   1.1005e-01
   4.9680e-04   2.0760e-03   8.6751e-03   3.6251e-02
  -1.6264e-08   1.0263e-06  -6.4763e-05   4.0868e-03
  -1.3516e-04   8.0646e-04  -4.8119e-03   2.8711e-02
  -4.0569e-04   6.9449e-04  -1.1889e-03   2.0353e-03
  -4.6762e-05   3.8959e-05  -3.2458e-05   2.7042e-05
  -8.6205e-04   4.2695e-04  -2.1146e-04   1.0473e-04
   5.0241e-08   3.8489e-09   2.9485e-10   2.2588e-11
   5.4228e-05   1.0651e-04   2.0920e-04   4.1089e-04
   5.0474e-03   2.5640e-02   1.3025e-01   6.6165e-01
   5.3388e-03   1.8583e-02   6.4683e-02   2.2515e-01
   6.3420e-03   1.3134e-02   2.7201e-02   5.6335e-02
   5.6546e-02   8.4655e-02   1.2674e-01   1.8974e-01
   9.0386e-02   1.0698e-01   1.2661e-01   1.4985e-01
   4.6997e-02   4.6450e-02   4.5909e-02   4.5374e-02
   5.6823e-02   3.7275e-02   2.4452e-02   1.6040e-02
   3.8178e-02   1.4965e-02   5.8659e-03   2.2993e-03
   1.1673e-02   3.9080e-03   1.3083e-03   4.3801e-04
   5.5593e-04   4.9455e-05   4.3995e-06   3.9137e-07
   1.5857e-06   2.0999e-08   2.7810e-10   3.6830e-12
  -3.6285e-04   3.4711e-05  -3.3205e-06   3.1765e-07
  -6.4118e-03   1.4770e-03  -3.4024e-04   7.8376e-05
  -3.0740e-02   1.3267e-02  -5.7257e-03   2.4711e-03
  -8.0640e-02   5.0704e-02  -3.1881e-02   2.0046e-02
  -8.6967e-02   6.1064e-02  -4.2876e-02   3.0105e-02
  -8.4561e-02   1.0564e-01  -1.3197e-01   1.6487e-01
  -2.9151e-02   3.3454e-02  -3.8392e-02   4.4059e-02
  -7.4369e-03   6.6845e-03  -6.0081e-03   5.4002e-03
  -8.4097e-03   1.3896e-02  -2.2962e-02   3.7943e-02
  -1.0831e-02   2.9005e-02  -7.7673e-02   2.0800e-01
  -2.7224e-04   2.3951e-03  -2.1072e-02   1.8539e-01
  -6.4682e-04   2.5132e-03  -9.7652e-03   3.7943e-02
   2.1197e-04   7.1383e-04   2.4039e-03   8.0956e-03
   4.7887e-03   4.8120e-03   4.8354e-03   4.8589e-03
   1.0372e-03   6.8225e-04   4.4878e-04   2.9520e-04
   7.0662e-03   2.4519e-03   8.5076e-04   2.9520e-04
  -2.4556e-05   1.4668e-06  -8.7610e-08   5.2330e-09
  -1.0526e-02   4.0447e-03  -1.5543e-03   5.9729e-04
  -1.0908e-01   1.0710e-01  -1.0516e-01   1.0326e-01
  -2.3255e-02   4.0709e-02  -7.1263e-02   1.2475e-01
  -4.2825e-02   1.0335e-01  -2.4940e-01   6.0186e-01
  -9.6635e-02   1.7218e-01  -3.0679e-01   5.4664e-01
  -5.8064e-02   7.4924e-02  -9.6678e-02   1.2475e-01
   5.2016e-04   3.9347e-03   2.9764e-02   2.2515e-01
   1.4388e-04   2.3183e-03   3.7354e-02   6.0186e-01
  -1.1062e-03   1.0525e-02  -1.0014e-01   9.5272e-01
  -7.3060e-04   9.9748e-03  -1.3619e-01   1.8593e+00
   3.0502e-02   1.1535e-01   4.3621e-01   1.6496e+00
   3.4956e-02   7.2559e-02   1.5061e-01   3.1263e-01
   1.8355e-01   2.5561e-01   3.5596e-01   4.9571e-01
   1.6256e-01   1.3093e-01   1.0546e-01   8.4942e-02
   8.0452e-02   7.6592e-02   7.2917e-02   6.9418e-02
   1.2337e-03   1.1537e-04   1.0790e-05   1.0090e-06
   1.9787e-05   2.4582e-04   3.0541e-03   3.7943e-02
   3.4487e-03   9.2960e-03   2.5058e-02   6.7543e-02
   1.6895e-04   4.1318e-04   1.0104e-03   2.4711e-03
   3.2414e-03   1.9963e-03   1.2294e-03   7.5714e-04
   2.4406e-04   6.9885e-05   2.0011e-05   5.7300e-06
   5.3682e-06   1.1286e-06   2.3728e-07   4.9885e-08
   7.1728e-05   7.9784e-06   8.8744e-07   9.8711e-08
   2.8636e-03   9.2506e-04   2.9883e-04   9.6532e-05
   1.5845e-02   1.1068e-02   7.7311e-03   5.4002e-03
   2.1600e-04   2.4563e-05   2.7933e-06   3.1765e-07
  -1.7392e-02   6.5399e-03  -2.4592e-03   9.2473e-04
  -5.8514e-02   4.3745e-02  -3.2704e-02   2.4450e-02
  -2.5387e-02   2.1155e-02  -1.7628e-02   1.4689e-02
  -1.1345e-01   2.3401e-01  -4.8268e-01   9.9563e-01
  -2.5385e-07   4.0033e-05  -6.3133e-03   9.9563e-01
  -7.2638e-06   3.5147e-07  -1.7007e-08   8.2291e-10

